 Eigenvalues (   eV  ) for nkpt= 391  k points:
 kpt#   1, nband= 30, wtk=  1.00000, kpt=  0.5000  0.0000  0.0000 (reduced coord)
  -7.63540  -3.17186   2.37691   2.37691   4.49152   8.16526   8.16526  11.26778
  13.95729  15.58744  15.58744  16.03020  16.65018  16.65018  23.10275  24.92676
  26.17717  26.17717  26.43659  26.43659  29.62284  30.35730  31.23030  31.23030
  31.99722  31.99722  33.36903  36.15085  36.15085  36.81754
 kpt#   2, nband= 30, wtk=  1.00000, kpt=  0.4950  0.0000  0.0000 (reduced coord)
  -7.63609  -3.17056   2.37711   2.37711   4.49174   8.16538   8.16538  11.26791
  13.95221  15.57764  15.57764  16.03526  16.66093  16.66093  23.08988  24.94052
  26.10670  26.10670  26.50761  26.50761  29.58815  30.39280  31.22968  31.22968
  31.99684  31.99684  33.36831  36.15197  36.15197  36.82193
 kpt#   3, nband= 30, wtk=  1.00000, kpt=  0.4900  0.0000  0.0000 (reduced coord)
  -7.63815  -3.16667   2.37769   2.37769   4.49238   8.16576   8.16576  11.26832
  13.93711  15.54936  15.54936  16.05026  16.69206  16.69206  23.05242  24.98065
  25.97595  25.97595  26.63999  26.63999  29.49897  30.48447  31.22783  31.22783
  31.99570  31.99570  33.36618  36.15534  36.15534  36.81727
